vector 2 X:Node_Mobility(mps)|Y:Average_routing_states   " MACARON "  ETV
2  9392   1 0.4155 
2  9392   2 0.431 
2  9392   3 0.4465 
2  9392   4 0.462 
2  9392   5 0.4775 
2  9392   6 0.493 
2  9392   7 0.5085 
2  9392   8 0.524 
2  9392   9 0.5395 
2  9392   10 0.555 
2  9392   11 0.5705 
2  9392   12 0.586 
2  9392   13 0.6015 
2  9392   14 0.617 
2  9392   15 0.6325 
2  9392   16 0.648 
2  9392   17 0.6635 
2  9392   18 0.679 
2  9392   19 0.6945 
2  9392   20 0.71 
2  9392   21 0.7255 
2  9392   22 0.741 
2  9392   23 0.7565 
2  9392   24 0.772 
2  9392   25 0.7875 
2  9392   26 0.803 
2  9392   27 0.8185 
2  9392   28 0.834 
2  9392   29 0.8495 
2  9392   30 0.865 
