vector 2 X:Node_Mobility(mps)|Y:Average_number_of_hops   " EAR_P2P "  ETV
2  9392   1 25.493 
2  9392   2 25.986 
2  9392   3 26.479 
2  9392   4 26.972 
2  9392   5 27.465 
2  9392   6 27.958 
2  9392   7 28.451 
2  9392   8 28.944 
2  9392   9 29.437 
2  9392   10 29.93 
2  9392   11 30.423 
2  9392   12 30.916 
2  9392   13 31.409 
2  9392   14 31.902 
2  9392   15 32.395 
2  9392   16 33.64 
2  9392   17 34.18 
2  9392   18 33.874 
2  9392   19 34.367 
2  9392   20 34.86 
2  9392   21 35.353 
2  9392   22 35.846 
2  9392   23 36.339 
2  9392   24 36.832 
2  9392   25 37.325 
2  9392   26 37.818 
2  9392   27 38.311 
2  9392   28 38.804 
2  9392   29 39.297 
2  9392   30 39.79 
2  9392   31 40.283 
2  9392   32 42.28 
2  9392   33 41.269 
2  9392   34 43.36 
2  9392   35 42.255 
2  9392   36 42.748 
2  9392   37 43.241 
2  9392   38 43.734 
2  9392   39 44.227 
2  9392   40 44.72 
2  9392   41 45.213 
2  9392   42 45.706 
2  9392   43 46.199 
2  9392   44 46.692 
2  9392   45 47.185 
2  9392   46 47.678 
2  9392   47 48.171 
2  9392   48 50.92 
2  9392   49 49.157 
2  9392   50 49.65 
