vector 2 X:Number_of_Nodes|Y:Average_routing_states   " MACARON "  ETV
2  9392   1 5.05875 
2  9392   2 5.1175 
2  9392   3 5.17625 
2  9392   4 5.235 
2  9392   5 5.29375 
2  9392   6 5.3525 
2  9392   7 5.41125 
2  9392   8 5.47 
2  9392   9 5.52875 
2  9392   10 5.5875 
2  9392   11 5.64625 
2  9392   12 5.75 
2  9392   13 5.76375 
2  9392   14 5.8225 
2  9392   15 5.88125 
2  9392   16 5.94 
2  9392   17 6.0625 
2  9392   18 6.0575 
2  9392   19 6.11625 
2  9392   20 6.175 
2  9392   21 6.23375 
2  9392   22 6.2925 
2  9392   23 6.35125 
2  9392   24 6.5 
2  9392   25 6.46875 
2  9392   26 6.5275 
2  9392   27 6.58625 
2  9392   28 6.645 
2  9392   29 6.70375 
2  9392   30 6.7625 
2  9392   31 6.82125 
2  9392   32 6.88 
2  9392   33 6.93875 
2  9392   34 7.125 
2  9392   35 7.05625 
2  9392   36 7.25 
2  9392   37 7.17375 
2  9392   38 7.2325 
2  9392   39 7.29125 
2  9392   40 7.35 
2  9392   41 7.40875 
2  9392   42 7.4675 
2  9392   43 7.52625 
2  9392   44 7.585 
2  9392   45 7.64375 
2  9392   46 7.7025 
2  9392   47 7.76125 
2  9392   48 8 
2  9392   49 7.87875 
2  9392   50 7.9375 
2  9392   51 8.1875 
2  9392   52 8.055 
2  9392   53 8.11375 
2  9392   54 8.1725 
2  9392   55 8.23125 
2  9392   56 8.29 
2  9392   57 8.34875 
2  9392   58 8.4075 
2  9392   59 8.46625 
2  9392   60 8.75 
2  9392   61 8.58375 
2  9392   62 8.6425 
2  9392   63 8.70125 
2  9392   64 8.76 
2  9392   65 8.81875 
2  9392   66 8.8775 
2  9392   67 8.93625 
2  9392   68 9.25 
2  9392   69 9.05375 
2  9392   70 9.1125 
2  9392   71 9.17125 
2  9392   72 9.5 
2  9392   73 9.28875 
2  9392   74 9.3475 
2  9392   75 9.40625 
2  9392   76 9.465 
2  9392   77 9.52375 
2  9392   78 9.5825 
2  9392   79 9.64125 
2  9392   80 9.7 
