vector 2 X:Number_of_Nodes|Y:Average_packet_delivery_ratio(%)  " EAR_P2P "  ETV
2  9392   1 80.2 
2  9392   2 80.4 
2  9392   3 80.6 
2  9392   4 80.8 
2  9392   5 81 
2  9392   6 81.2 
2  9392   7 81.4 
2  9392   8 81.6 
2  9392   9 81.8 
2  9392   10 82 
2  9392   11 82.2 
2  9392   12 82.4 
2  9392   13 83.38 
2  9392   14 82.8 
2  9392   15 83 
2  9392   16 83.2 
2  9392   17 83.4 
2  9392   18 83.6 
2  9392   19 84.94 
2  9392   20 84 
2  9392   21 84.2 
2  9392   22 84.4 
2  9392   23 84.6 
2  9392   24 84.8 
2  9392   25 85 
2  9392   26 86.76 
2  9392   27 85.4 
2  9392   28 85.6 
2  9392   29 85.8 
2  9392   30 86 
2  9392   31 86.2 
2  9392   32 86.4 
2  9392   33 86.6 
2  9392   34 86.8 
2  9392   35 87 
2  9392   36 87.2 
2  9392   37 87.4 
2  9392   38 89.88 
2  9392   39 90.14 
2  9392   40 88 
2  9392   41 88.2 
2  9392   42 88.4 
2  9392   43 88.6 
2  9392   44 88.8 
2  9392   45 89 
2  9392   46 89.2 
2  9392   47 89.4 
2  9392   48 89.6 
2  9392   49 89.8 
2  9392   50 90 
