vector 2 X:Number_of_Nodes|Y:Average_number_of_hops   " EAR_P2P "  ETV
2  9392   1 20.3 
2  9392   2 20.6 
2  9392   3 20.9 
2  9392   4 21.2 
2  9392   5 21.5 
2  9392   6 21.8 
2  9392   7 22.1 
2  9392   8 22.4 
2  9392   9 22.7 
2  9392   10 23 
2  9392   11 23.3 
2  9392   12 24.08 
2  9392   13 23.9 
2  9392   14 24.2 
2  9392   15 25.1 
2  9392   16 24.8 
2  9392   17 25.1 
2  9392   18 25.4 
2  9392   19 25.7 
2  9392   20 26 
2  9392   21 26.3 
2  9392   22 26.6 
2  9392   23 26.9 
2  9392   24 28.16 
2  9392   25 27.5 
2  9392   26 27.8 
2  9392   27 28.1 
2  9392   28 28.4 
2  9392   29 28.7 
2  9392   30 30.2 
2  9392   31 29.3 
2  9392   32 29.6 
2  9392   33 29.9 
2  9392   34 30.2 
2  9392   35 30.5 
2  9392   36 32.24 
2  9392   37 31.1 
2  9392   38 31.4 
2  9392   39 31.7 
2  9392   40 32 
2  9392   41 32.3 
2  9392   42 32.6 
2  9392   43 32.9 
2  9392   44 33.2 
2  9392   45 35.3 
2  9392   46 33.8 
2  9392   47 34.1 
2  9392   48 36.32 
2  9392   49 34.7 
2  9392   50 35 
