vector 2 X:Number_of_Nodes|Y:Average_end_to_end_delay(sec)   " EAR_P2P "  ETV
2  9392   1 80.14 
2  9392   2 80.28 
2  9392   3 80.42 
2  9392   4 80.56 
2  9392   5 80.7 
2  9392   6 80.84 
2  9392   7 80.98 
2  9392   8 81.12 
2  9392   9 81.26 
2  9392   10 81.4 
2  9392   11 81.54 
2  9392   12 81.68 
2  9392   13 81.82 
2  9392   14 81.96 
2  9392   15 83.3 
2  9392   16 82.24 
2  9392   17 83.74 
2  9392   18 82.52 
2  9392   19 82.66 
2  9392   20 82.8 
2  9392   21 82.94 
2  9392   22 83.08 
2  9392   23 83.22 
2  9392   24 83.36 
2  9392   25 83.5 
2  9392   26 83.64 
2  9392   27 83.78 
2  9392   28 83.92 
2  9392   29 84.06 
2  9392   30 86.6 
2  9392   31 84.34 
2  9392   32 84.48 
2  9392   33 84.62 
2  9392   34 87.48 
2  9392   35 84.9 
2  9392   36 85.04 
2  9392   37 85.18 
2  9392   38 85.32 
2  9392   39 85.46 
2  9392   40 85.6 
2  9392   41 85.74 
2  9392   42 85.88 
2  9392   43 86.02 
2  9392   44 86.16 
2  9392   45 89.9 
2  9392   46 86.44 
2  9392   47 86.58 
2  9392   48 86.72 
2  9392   49 86.86 
2  9392   50 87 
