vector 2 X:Node_Mobility(mps)|Y:Routing_overhead(Kbytes)   " MACARON "  ETV
2  9392   1 85.2667 
2  9392   2 85.5333 
2  9392   3 85.8 
2  9392   4 86.0667 
2  9392   5 86.3333 
2  9392   6 86.6 
2  9392   7 86.8667 
2  9392   8 87.1333 
2  9392   9 87.4 
2  9392   10 87.6667 
2  9392   11 87.9333 
2  9392   12 88.2 
2  9392   13 88.4667 
2  9392   14 88.7333 
2  9392   15 89 
2  9392   16 89.2667 
2  9392   17 89.5333 
2  9392   18 91.6 
2  9392   19 91.9667 
2  9392   20 90.3333 
2  9392   21 90.6 
2  9392   22 90.8667 
2  9392   23 91.1333 
2  9392   24 91.4 
2  9392   25 91.6667 
2  9392   26 91.9333 
2  9392   27 92.2 
2  9392   28 92.4667 
2  9392   29 92.7333 
2  9392   30 93 
