vector 2 X:Number_of_Nodes|Y:Routing_overhead(Kbytes)  " MACARON "  ETV
2  9392   1 90.075 
2  9392   2 90.15 
2  9392   3 90.225 
2  9392   4 90.3 
2  9392   5 90.375 
2  9392   6 90.45 
2  9392   7 90.525 
2  9392   8 90.6 
2  9392   9 90.675 
2  9392   10 90.75 
2  9392   11 90.825 
2  9392   12 90.9 
2  9392   13 91.4625 
2  9392   14 91.05 
2  9392   15 91.125 
2  9392   16 91.8 
2  9392   17 91.275 
2  9392   18 91.35 
2  9392   19 91.425 
2  9392   20 91.5 
2  9392   21 91.575 
2  9392   22 91.65 
2  9392   23 91.725 
2  9392   24 91.8 
2  9392   25 91.875 
2  9392   26 92.925 
2  9392   27 92.025 
2  9392   28 92.1 
2  9392   29 92.175 
2  9392   30 92.25 
2  9392   31 92.325 
2  9392   32 93.6 
2  9392   33 92.475 
2  9392   34 92.55 
2  9392   35 92.625 
2  9392   36 92.7 
2  9392   37 92.775 
2  9392   38 92.85 
2  9392   39 94.3875 
2  9392   40 93 
2  9392   41 93.075 
2  9392   42 93.15 
2  9392   43 93.225 
2  9392   44 93.3 
2  9392   45 93.375 
2  9392   46 93.45 
2  9392   47 93.525 
2  9392   48 95.4 
2  9392   49 93.675 
2  9392   50 93.75 
2  9392   51 93.825 
2  9392   52 95.85 
2  9392   53 93.975 
2  9392   54 94.05 
2  9392   55 94.125 
2  9392   56 94.2 
2  9392   57 94.275 
2  9392   58 94.35 
2  9392   59 94.425 
2  9392   60 94.5 
2  9392   61 94.575 
2  9392   62 94.65 
2  9392   63 94.725 
2  9392   64 97.2 
2  9392   65 97.3125 
2  9392   66 94.95 
2  9392   67 95.025 
2  9392   68 95.1 
2  9392   69 95.175 
2  9392   70 95.25 
2  9392   71 95.325 
2  9392   72 95.4 
2  9392   73 95.475 
2  9392   74 95.55 
2  9392   75 95.625 
2  9392   76 95.7 
2  9392   77 95.775 
2  9392   78 98.775 
2  9392   79 95.925 
2  9392   80 99 
