vector 2 X:Node_Mobility(mps)|Y:Success_rate(%)   " MACARON "  ETV
2  9392   1 5.155 
2  9392   2 5.31 
2  9392   3 5.465 
2  9392   4 5.62 
2  9392   5 5.775 
2  9392   6 5.93 
2  9392   7 6.085 
2  9392   8 6.24 
2  9392   9 6.395 
2  9392   10 6.55 
2  9392   11 6.705 
2  9392   12 6.86 
2  9392   13 7.015 
2  9392   14 7.17 
2  9392   15 7.5 
2  9392   16 7.66667 
2  9392   17 7.635 
2  9392   18 7.79 
2  9392   19 7.945 
2  9392   20 8.1 
2  9392   21 8.255 
2  9392   22 8.41 
2  9392   23 8.565 
2  9392   24 8.72 
2  9392   25 8.875 
2  9392   26 9.03 
2  9392   27 9.185 
2  9392   28 9.34 
2  9392   29 9.495 
2  9392   30 10 
